3765633331303838303134353432303033636333
3765666566653838303130303030303030303030303030303030666566653434343230316665
3765666466643838303130303030303030303030303030303030666566653435343230326664
3765666466643838303130303030303030303030303030303030666566653437343430326664
3765666466643838303130303030303030303030303030303030666566653434343230326664
3765666366633838303130303030303030303030303030303030666566653434343230336663
3765666366633838303130303030303030303030303030303030666566653434343230336663
3765666566653838303130303030303030303030303030303030666566653435343230316665
3765666466643838303130303030303030303030303030303030666566653435343230326664
3765666466643838303130303030303030303030303030303030666566653435343230326664
3765666566653838303130303030303030303030303030303030666566653435343230316665
3765666466643838303130303030303030303030303030303030666566653434343230326664
3765666366633838303130303030303030303030303030303030666566653434343230336663
