376530303035383830313437343430336663
3765303030363838303134353432303065363139
376530303035383830313435343230326664
3765303030363838303134343432303031326564
3765303030363838303134373434303061373538
376530303035383830313437343430336663
376530303035383830313435343230316665
376530303035383830313437343430326664
376530303035383830313437343430316665
3765303030363838303134353432303063303366
376530303035383830313437343430316665
3765303030363838303134353432303035346162
376530303035383830313434343230336663
376530303035383830313435343230326664
376530303035383830313434343230316665
3765303030363838303134373434303065333163
3765303030363838303134343432303038643732
376530303035383830313435343230316665
376530303035383830313434343230336663
3765303030363838303134353432303037323864
376530303035383830313434343230336663
376530303035383830313437343430336663
376530303035383830313437343430326664
376530303035383830313434343230326664
3765303030363838303134373434303037303866
376530303035383830313435343230326664
3765303030363838303134353432303061623534
3765303030363838303134353432303037653831
376530303035383830313437343430316665
376530303035383830313437343430326664
