30343765666566653838303130303030303030303030303030303030666566653437343430316665
30343765666566653838303130303030303030303030303030303030666566653434343230316665
30343765666466643838303130303030303030303030303030303030666566653437343430326664
30343765666366633838303130303030303030303030303030303030666566653437343430336663
30343765666566653838303130303030303030303030303030303030666566653434343230316665
30343765666366633838303130303030303030303030303030303030666566653434343230336663
30343765666466643838303130303030303030303030303030303030666566653437343430326664
30343765666566653838303130303030303030303030303030303030666566653435343230316665
30343765666466643838303130303030303030303030303030303030666566653434343230326664
30343765666366633838303130303030303030303030303030303030666566653434343230336663
30343765666566653838303130303030303030303030303030303030666566653434343230316665
30343765666466643838303130303030303030303030303030303030666566653434343230326664
30343765666466643838303130303030303030303030303030303030666566653434343230326664
30343765323031303838303134343432303064663230
30343765666366633838303130303030303030303030303030303030666566653434343230336663
30343765666566653838303130303030303030303030303030303030666566653434343230316665
30343765666566653838303130303030303030303030303030303030666566653434343230316665
