376530303035383830313437343430316665
376530303035383830313435343230316665
3765303030363838303134353432303035376138
376530303035383830313434343230336663
3765303030363838303134373434303036323964
3765303030363838303134373434303034306266
376530303035383830313437343430336663
376530303035383830313434343230316665
376530303035383830313435343230336663
376530303035383830313434343230326664
376530303035383830313435343230316665
376530303035383830313434343230326664
376530303035383830313437343430336663
3765303030363838303134353432303062613435
3765303030363838303134353432303039633633
376530303035383830313435343230316665
376530303035383830313437343430336663
376530303035383830313437343430326664
376530303035383830313437343430316665
3765303030363838303134353432303064303266
3765303030363838303134353432303039393636
376530303035383830313437343430326664
376530303035383830313434343230326664
376530303035383830313434343230326664
376530303035383830313435343230326664
376530303035383830313434343230336663
3765303030363838303134343432303032386437
376530303035383830313435343230336663
3765303030363838303134373434303061663530
3765303030363838303134373434303062663430
376530303035383830313437343430336663
3765303030363838303134373434303066343062
376530303035383830313435343230326664
3765303030363838303134343432303038633733
376530303035383830313434343230326664
376530303035383830313435343230336663
376530303035383830313434343230336663
3765303030363838303134373434303036633933
3765303030363838303134343432303037663830
3765303030363838303134343432303035636133
376530303035383830313435343230316665
376530303035383830313437343430326664
376530303035383830313437343430316665
376530303035383830313437343430336663
