30343765303031303838303134343432303061623534
30343765303031303838303134373434303037383837
30343765303031303838303134353432303038623734
30343765303031303838303134343432303033306366
30343765303031303838303134373434303034636233
30343765303031303838303134343432303062623434
30343765303031303838303134373434303062633433
30343765303031303838303134373434303062653431
30343765303031303838303134353432303061623534
30343765303031303838303134353432303034646232
30343765303031303838303134343432303064363239
30343765303031303838303134373434303032366439
30343765303031303838303134353432303064393236
30343765303031303838303134353432303061303566
