3033376530303035383830313437343430336663
3765303030363838303134343432303036623934
3765303030363838303134353432303035366139
3033376530303035383830313435343230326664
3033376530303035383830313434343230336663
3033376530303035383830313437343430336663
3033376530303035383830313435343230316665
3033376530303035383830313435343230316665
3033376530303035383830313437343430326664
3033376530303035383830313437343430336663
3033376530303035383830313437343430316665
3033376530303035383830313435343230336663
3033376530303035383830313434343230326664
3033376530303035383830313435343230316665
3033376530303035383830313437343430326664
3033376530303035383830313435343230326664
3033376530303035383830313437343430326664
3033376530303035383830313435343230316665
3033376530303035383830313434343230316665
3765303030363838303134353432303034366239
3033376530303035383830313434343230326664
3765303030363838303134373434303066333063
3033376530303035383830313434343230326664
3765303030363838303134373434303032316465
3033376530303035383830313437343430326664
