3033376530303035383830313437343430316665
3033376530303035383830313435343230336663
3033376530303035383830313437343430326664
3033376530303035383830313434343230326664
3033376530303035383830313434343230326664
3033376530303035383830313434343230316665
3033376530303035383830313437343430336663
3033376530303035383830313434343230316665
30333765303030363838303134353432303037303866
30333765303030363838303134343432303039313665
3033376530303035383830313437343430326664
3033376530303035383830313434343230336663
3033376530303035383830313437343430326664
3033376530303035383830313434343230336663
3033376530303035383830313437343430316665
30333765303030363838303134373434303066613035
