3033376530303035383830313434343230316665
3033376530303035383830313437343430326664
3033376530303035383830313435343230316665
30333765303030363838303134343432303061363539
30333765303030363838303134373434303031326564
3033376530303035383830313435343230336663
30333765303030363838303134343432303064643232
30333765303030363838303134373434303064393236
3033376530303035383830313437343430326664
3033376530303035383830313435343230336663
30333765303030363838303134343432303031656531
30333765303030363838303134373434303039643632
30333765303030363838303134373434303031346562
3033376530303035383830313434343230316665
