3033376530303035383830313434343230336663
30333765303030363838303134373434303066633033
3033376530303035383830313437343430336663
3033376530303035383830313434343230336663
3033376530303035383830313434343230316665
3033376530303035383830313437343430336663
3033376530303035383830313434343230316665
3033376530303035383830313434343230326664
3033376530303035383830313435343230326664
3033376530303035383830313434343230326664
30333765303030363838303134373434303034656231
3033376530303035383830313434343230326664
3033376530303035383830313434343230326664
3033376530303035383830313434343230326664
